{
 "cells": [
  {
   "metadata": {},
   "cell_type": "markdown",
   "source": "### Компания хочет понять, насколько равномерно курьеры работают в течение месяца. Для этого нужно найти ID курьера с наибольшей разницей между максимальной и минимальной средней дневной скоростью в июне 2021 года.",
   "id": "17b5ddd3f4ed8a9b"
  },
  {
   "cell_type": "code",
   "id": "initial_id",
   "metadata": {
    "collapsed": true,
    "ExecuteTime": {
     "end_time": "2025-11-08T10:32:50.592086Z",
     "start_time": "2025-11-08T10:32:50.587916Z"
    }
   },
   "source": [
    "import pyspark\n",
    "from pyspark.sql import SparkSession\n",
    "from pyspark.sql.functions import month, year, col, round, avg, min, max, desc"
   ],
   "outputs": [],
   "execution_count": 114
  },
  {
   "metadata": {
    "ExecuteTime": {
     "end_time": "2025-11-08T10:32:50.611568Z",
     "start_time": "2025-11-08T10:32:50.604285Z"
    }
   },
   "cell_type": "code",
   "source": [
    "spark = SparkSession.builder \\\n",
    "    .appName(\"BiggestDiffBetweenSpeeds\") \\\n",
    "    .master(\"local[*]\") \\\n",
    "    .config(\"spark.driver.extraJavaOptions\", \"-Djava.security.manager=allow\") \\\n",
    "    .getOrCreate()"
   ],
   "id": "4142db549de89785",
   "outputs": [],
   "execution_count": 115
  },
  {
   "metadata": {},
   "cell_type": "markdown",
   "source": "#### Step 1. Loading and filtration data",
   "id": "fe942a59127a9925"
  },
  {
   "metadata": {
    "ExecuteTime": {
     "end_time": "2025-11-08T10:32:50.738362Z",
     "start_time": "2025-11-08T10:32:50.619251Z"
    }
   },
   "cell_type": "code",
   "source": [
    "try:\n",
    "    df = spark.read.parquet(\"data/couriers_orders.parquet\")\n",
    "    df.show(7)\n",
    "except FileNotFoundError as e:\n",
    "    print(f\"{e}\")\n",
    "    spark.stop()"
   ],
   "id": "cac89388ca1a231a",
   "outputs": [
    {
     "name": "stdout",
     "output_type": "stream",
     "text": [
      "+-------------------+----------+--------+--------+-----------+\n",
      "|               date|courier_id|order_id|distance|travel_time|\n",
      "+-------------------+----------+--------+--------+-----------+\n",
      "|2021-07-12 00:00:00|        10|       1|     1.9|      36.17|\n",
      "|2021-07-02 00:00:00|         3|       2|    3.98|      21.34|\n",
      "|2021-04-15 00:00:00|         6|       3|    3.98|      43.33|\n",
      "|2021-07-16 00:00:00|        10|       4|    2.85|      14.01|\n",
      "|2021-06-11 00:00:00|        10|       5|    4.89|      32.09|\n",
      "|2021-04-21 00:00:00|         9|       6|    1.06|      18.17|\n",
      "|2021-07-12 00:00:00|         1|       7|    0.58|      19.22|\n",
      "+-------------------+----------+--------+--------+-----------+\n",
      "only showing top 7 rows\n"
     ]
    }
   ],
   "execution_count": 116
  },
  {
   "metadata": {
    "ExecuteTime": {
     "end_time": "2025-11-08T10:32:50.839314Z",
     "start_time": "2025-11-08T10:32:50.748144Z"
    }
   },
   "cell_type": "code",
   "source": [
    "june_df = df.filter(\n",
    "    (month(col(\"date\")) == 6) &\n",
    "    (year(col(\"date\")) == 2021)\n",
    ")\n",
    "\n",
    "june_df = june_df.filter(\n",
    "    (col(\"distance\") > 0) &\n",
    "    (col(\"travel_time\") > 0)\n",
    ")\n",
    "\n",
    "june_df.show(5)"
   ],
   "id": "a45ae39e52812b87",
   "outputs": [
    {
     "name": "stdout",
     "output_type": "stream",
     "text": [
      "+-------------------+----------+--------+--------+-----------+\n",
      "|               date|courier_id|order_id|distance|travel_time|\n",
      "+-------------------+----------+--------+--------+-----------+\n",
      "|2021-06-11 00:00:00|        10|       5|    4.89|      32.09|\n",
      "|2021-06-14 00:00:00|         4|       9|    4.13|      29.34|\n",
      "|2021-06-27 00:00:00|         8|      10|    1.04|      12.56|\n",
      "|2021-06-27 00:00:00|         1|      19|    1.85|      13.56|\n",
      "|2021-06-28 00:00:00|         2|      25|    4.02|      12.43|\n",
      "+-------------------+----------+--------+--------+-----------+\n",
      "only showing top 5 rows\n"
     ]
    }
   ],
   "execution_count": 117
  },
  {
   "metadata": {},
   "cell_type": "markdown",
   "source": "#### Step 2. New column \"speed_km/h\"",
   "id": "92602fbcd34bdca0"
  },
  {
   "metadata": {
    "ExecuteTime": {
     "end_time": "2025-11-08T10:32:50.928329Z",
     "start_time": "2025-11-08T10:32:50.860076Z"
    }
   },
   "cell_type": "code",
   "source": [
    "june_df = june_df.withColumn(\n",
    "    \"speed_km/h\",\n",
    "    col(\"distance\") / (col(\"travel_time\") / 60)\n",
    ")\n",
    "\n",
    "june_df.show(5)"
   ],
   "id": "f454ab733b9c243",
   "outputs": [
    {
     "name": "stdout",
     "output_type": "stream",
     "text": [
      "+-------------------+----------+--------+--------+-----------+------------------+\n",
      "|               date|courier_id|order_id|distance|travel_time|        speed_km/h|\n",
      "+-------------------+----------+--------+--------+-----------+------------------+\n",
      "|2021-06-11 00:00:00|        10|       5|    4.89|      32.09| 9.143035213462136|\n",
      "|2021-06-14 00:00:00|         4|       9|    4.13|      29.34| 8.445807770961146|\n",
      "|2021-06-27 00:00:00|         8|      10|    1.04|      12.56| 4.968152866242038|\n",
      "|2021-06-27 00:00:00|         1|      19|    1.85|      13.56| 8.185840707964601|\n",
      "|2021-06-28 00:00:00|         2|      25|    4.02|      12.43|19.404666130329844|\n",
      "+-------------------+----------+--------+--------+-----------+------------------+\n",
      "only showing top 5 rows\n"
     ]
    }
   ],
   "execution_count": 118
  },
  {
   "metadata": {},
   "cell_type": "markdown",
   "source": "#### Step 3. Average daily speed for a courier",
   "id": "ef6226693af4010e"
  },
  {
   "metadata": {
    "ExecuteTime": {
     "end_time": "2025-11-08T10:32:51.297820Z",
     "start_time": "2025-11-08T10:32:50.952525Z"
    }
   },
   "cell_type": "code",
   "source": [
    "daily_avg_speed_df = june_df \\\n",
    "    .groupBy(\"courier_id\", \"date\") \\\n",
    "    .agg(avg(\"speed_km/h\").alias(\"daily_avg_speed_km/h\"))\n",
    "\n",
    "daily_avg_speed_df.show(5)"
   ],
   "id": "a824495d6f0f7c90",
   "outputs": [
    {
     "name": "stdout",
     "output_type": "stream",
     "text": [
      "+----------+-------------------+--------------------+\n",
      "|courier_id|               date|daily_avg_speed_km/h|\n",
      "+----------+-------------------+--------------------+\n",
      "|         8|2021-06-08 00:00:00|   7.203231684050229|\n",
      "|         8|2021-06-22 00:00:00|   8.815838459709019|\n",
      "|         1|2021-06-17 00:00:00|  11.136363636363637|\n",
      "|         9|2021-06-01 00:00:00|    5.28627015008338|\n",
      "|         2|2021-06-02 00:00:00|   4.196934868159241|\n",
      "+----------+-------------------+--------------------+\n",
      "only showing top 5 rows\n"
     ]
    }
   ],
   "execution_count": 119
  },
  {
   "metadata": {},
   "cell_type": "markdown",
   "source": "#### Step 4. Min-Max daily speed for a courier",
   "id": "5afdb42b8cdaf6e3"
  },
  {
   "metadata": {
    "ExecuteTime": {
     "end_time": "2025-11-08T10:32:51.783950Z",
     "start_time": "2025-11-08T10:32:51.312740Z"
    }
   },
   "cell_type": "code",
   "source": [
    "daily_min_max_speed_df = daily_avg_speed_df \\\n",
    "    .groupby(\"courier_id\") \\\n",
    "    .agg(min(\"daily_avg_speed_km/h\").alias(\"daily_min_speed\"),\n",
    "         max(\"daily_avg_speed_km/h\").alias(\"daily_max_speed\"),\n",
    "         )\n",
    "\n",
    "daily_min_max_speed_df.show(5)"
   ],
   "id": "ca3797bc6aff868",
   "outputs": [
    {
     "name": "stdout",
     "output_type": "stream",
     "text": [
      "+----------+------------------+------------------+\n",
      "|courier_id|   daily_min_speed|   daily_max_speed|\n",
      "+----------+------------------+------------------+\n",
      "|         7|1.0535557506584723| 11.33508936970837|\n",
      "|         6| 1.403067638923812| 25.49718574108818|\n",
      "|         9|0.7547857793983591|13.315508021390373|\n",
      "|         5| 1.104111823559212|17.651376146788987|\n",
      "|         1|1.6655313351498635|25.342333654773388|\n",
      "+----------+------------------+------------------+\n",
      "only showing top 5 rows\n"
     ]
    }
   ],
   "execution_count": 120
  },
  {
   "metadata": {},
   "cell_type": "markdown",
   "source": "#### Step 5. New column \"speed diff\"",
   "id": "ea5e62fc094c10de"
  },
  {
   "metadata": {
    "ExecuteTime": {
     "end_time": "2025-11-08T10:32:52.258422Z",
     "start_time": "2025-11-08T10:32:51.791185Z"
    }
   },
   "cell_type": "code",
   "source": [
    "daily_min_max_speed_df = daily_min_max_speed_df.withColumn(\n",
    "    \"speed_diff\",\n",
    "    col(\"daily_max_speed\") - col(\"daily_min_speed\")\n",
    ")\n",
    "\n",
    "daily_min_max_speed_df.show()"
   ],
   "id": "51ab8c25bb05caab",
   "outputs": [
    {
     "name": "stdout",
     "output_type": "stream",
     "text": [
      "+----------+------------------+------------------+------------------+\n",
      "|courier_id|   daily_min_speed|   daily_max_speed|        speed_diff|\n",
      "+----------+------------------+------------------+------------------+\n",
      "|         7|1.0535557506584723| 11.33508936970837|10.281533619049899|\n",
      "|         6| 1.403067638923812| 25.49718574108818| 24.09411810216437|\n",
      "|         9|0.7547857793983591|13.315508021390373|12.560722241992014|\n",
      "|         5| 1.104111823559212|17.651376146788987|16.547264323229776|\n",
      "|         1|1.6655313351498635|25.342333654773388|23.676802319623523|\n",
      "|        10|1.7512012813667912| 18.60500379075057|16.853802509383776|\n",
      "|         3| 1.253071253071253|13.351278600269179|12.098207347197926|\n",
      "|         8|0.7925696594427245|14.946159368269923|14.153589708827198|\n",
      "|         2|1.5167888846005404|19.404666130329844|17.887877245729303|\n",
      "|         4|0.9739600946905647|25.776566757493192|24.802606662802628|\n",
      "+----------+------------------+------------------+------------------+\n",
      "\n"
     ]
    }
   ],
   "execution_count": 121
  },
  {
   "metadata": {},
   "cell_type": "markdown",
   "source": "#### Step 6. Courier with max diff",
   "id": "d35f968cc8fe7e4d"
  },
  {
   "metadata": {
    "ExecuteTime": {
     "end_time": "2025-11-08T10:32:53.173183Z",
     "start_time": "2025-11-08T10:32:52.275428Z"
    }
   },
   "cell_type": "code",
   "source": [
    "courier_min_max_diff_sorted_df = daily_min_max_speed_df.orderBy(desc(\"speed_diff\"))\n",
    "\n",
    "courier_min_max_diff_sorted_df.show()\n",
    "\n",
    "top_courier = courier_min_max_diff_sorted_df.first()"
   ],
   "id": "706916d40c7e799e",
   "outputs": [
    {
     "name": "stdout",
     "output_type": "stream",
     "text": [
      "+----------+------------------+------------------+------------------+\n",
      "|courier_id|   daily_min_speed|   daily_max_speed|        speed_diff|\n",
      "+----------+------------------+------------------+------------------+\n",
      "|         4|0.9739600946905647|25.776566757493192|24.802606662802628|\n",
      "|         6| 1.403067638923812| 25.49718574108818| 24.09411810216437|\n",
      "|         1|1.6655313351498635|25.342333654773388|23.676802319623523|\n",
      "|         2|1.5167888846005404|19.404666130329844|17.887877245729303|\n",
      "|        10|1.7512012813667912| 18.60500379075057|16.853802509383776|\n",
      "|         5| 1.104111823559212|17.651376146788987|16.547264323229776|\n",
      "|         8|0.7925696594427245|14.946159368269923|14.153589708827198|\n",
      "|         9|0.7547857793983591|13.315508021390373|12.560722241992014|\n",
      "|         3| 1.253071253071253|13.351278600269179|12.098207347197926|\n",
      "|         7|1.0535557506584723| 11.33508936970837|10.281533619049899|\n",
      "+----------+------------------+------------------+------------------+\n",
      "\n"
     ]
    }
   ],
   "execution_count": 122
  },
  {
   "metadata": {},
   "cell_type": "markdown",
   "source": "#### Step 7. Results",
   "id": "8a32fb5cffdcd62b"
  },
  {
   "metadata": {
    "ExecuteTime": {
     "end_time": "2025-11-08T10:32:53.186869Z",
     "start_time": "2025-11-08T10:32:53.181098Z"
    }
   },
   "cell_type": "code",
   "source": [
    "print(\"=\" * 40)\n",
    "print(f\"    Courier with id: {top_courier[\"courier_id\"]}\")\n",
    "print(f\"    Maximum difference: {top_courier[\"speed_diff\"]:.2f} km/h\")\n",
    "print(f\"    Max: {top_courier[\"daily_max_speed\"]:.2f} km/h, Min: {top_courier[\"daily_min_speed\"]:.2f} km/h\")\n",
    "print(\"=\" * 40)\n",
    "\n",
    "spark.stop()"
   ],
   "id": "94190ff8553ca001",
   "outputs": [
    {
     "name": "stdout",
     "output_type": "stream",
     "text": [
      "========================================\n",
      "    Courier with id: 4\n",
      "    Maximum difference: 24.80 km/h\n",
      "    Max: 25.78 km/h, Min: 0.97 km/h\n",
      "========================================\n"
     ]
    }
   ],
   "execution_count": 123
  }
 ],
 "metadata": {
  "kernelspec": {
   "display_name": "Python 3",
   "language": "python",
   "name": "python3"
  },
  "language_info": {
   "codemirror_mode": {
    "name": "ipython",
    "version": 2
   },
   "file_extension": ".py",
   "mimetype": "text/x-python",
   "name": "python",
   "nbconvert_exporter": "python",
   "pygments_lexer": "ipython2",
   "version": "2.7.6"
  }
 },
 "nbformat": 4,
 "nbformat_minor": 5
}
